0 0.13580799999999998 0.401424 0.344224 0.430002 0.3680453333333333 0.293358 0.18857599999999997 0.263794 0.13580799999999998 0.401424
0 0.071496 0.588082 0.3204053333333334 0.609518 0.3489893333333333 0.43178800000000006 0.13905066666666668 0.404508 0.071496 0.588082
0 0.353752 0.430896 0.53716 0.44786399999999993 0.5300133333333333 0.317472 0.368576 0.300224 0.353752 0.430896
0 0.3525626666666667 0.4335760000000001 0.3204053333333334 0.6121960000000001 0.5478773333333334 0.62738 0.5380986666666667 0.45308000000000004 0.3525626666666667 0.4335760000000001
0 0.6181439999999999 0.43893400000000005 0.8086960000000001 0.44965200000000005 0.7765413333333332 0.319258 0.612384 0.30665200000000004 0.6181439999999999 0.43893400000000005
0 0.8491893333333335 0.618448 0.8158426666666666 0.446972 0.6217173333333333 0.4335760000000001 0.6372 0.602372 0.8491893333333335 0.618448
0 0.8086960000000001 0.45322399999999996 0.9932960000000001 0.467514 0.9337466666666666 0.335334 0.7777333333333333 0.321044 0.8086960000000001 0.45322399999999996
0 0.8515706666666667 0.630058 0.9973333333333334 0.640776 0.9973333333333334 0.493414 0.9973333333333334 0.46662 0.812384 0.453794 0.8515706666666667 0.630058
1 0.20845600000000003 0.287106 0.2787226666666667 0.297822 0.282296 0.283534 0.21238400000000002 0.274508 0.20845600000000003 0.287106
1 0.16439199999999998 0.43178800000000006 0.23227466666666666 0.442506 0.23822933333333335 0.42374999999999996 0.169528 0.415938 0.16439199999999998 0.43178800000000006
1 0.3906720000000001 0.321044 0.4514106666666667 0.327296 0.4585573333333334 0.310326 0.3971466666666667 0.303794 0.3906720000000001 0.321044
1 0.37638133333333335 0.45411599999999996 0.4478373333333333 0.46662 0.454984 0.446972 0.38571733333333336 0.440224 0.37638133333333335 0.45411599999999996
1 0.6336266666666667 0.327296 0.6848373333333334 0.33176 0.6896026666666667 0.31657799999999997 0.6352426666666667 0.311652 0.6336266666666667 0.327296
1 0.6503013333333333 0.45679600000000004 0.7038933333333333 0.46126199999999995 0.7181840000000002 0.44518599999999997 0.6542906666666667 0.440224 0.6503013333333333 0.45679600000000004
1 0.8027413333333334 0.342478 0.8480000000000001 0.34783600000000003 0.8539546666666666 0.32551 0.7961946666666666 0.32450799999999996 0.8027413333333334 0.342478
1 0.8444266666666668 0.480016 0.9135013333333333 0.48626800000000003 0.9087386666666666 0.46215400000000006 0.848576 0.45736600000000005 0.8444266666666668 0.480016