0 0.2571876721311475 0.26291000000000003 0.2682334426229508 0.27212400000000003 0.46978518032786887 0.276072 0.48082885245901646 0.27015 0.4932532459016393 0.042454000000000006 0.48428065573770496 0.032582 0.2903207868852459 0.027976 0.2810712131147541 0.037006 0.2571876721311475 0.26291000000000003
0 0.06806032786885247 0.5787880000000001 0.0749639344262295 0.589976 0.3068873442622951 0.592608 0.31724065573770494 0.5873440000000001 0.32414216393442624 0.49126400000000003 0.33380721311475414 0.327402 0.32552288524590167 0.316214 0.11637718032786887 0.311608 0.10740459016393443 0.32148000000000004 0.06806032786885247 0.5787880000000001
0 0.37108039344262295 0.5787880000000001 0.3807433442622951 0.58866 0.4904918032786885 0.589318 0.6057631475409837 0.58866 0.6140474754098361 0.5814199999999999 0.6119763934426229 0.32411200000000007 0.6064535081967213 0.31424 0.3938580983606558 0.31226600000000004 0.3869544918032787 0.32082200000000005 0.37108039344262295 0.5787880000000001
0 0.03410045901639345 0.952416 0.04997665573770492 0.960312 0.2915630163934426 0.9636040000000001 0.30053560655737704 0.9537319999999999 0.3184828852459016 0.6431180000000001 0.3115792786885246 0.633248 0.07965586885245901 0.6325900000000001 0.0713736393442623 0.6378540000000001 0.03410045901639345 0.952416
0 0.35920786885245903 0.950442 0.36887081967213114 0.9563640000000001 0.6159800655737705 0.9576800000000001 0.6242622950819672 0.947152 0.6208104918032787 0.640486 0.6118379016393444 0.631274 0.5055391475409836 0.629298 0.38474701639344266 0.629958 0.37549744262295087 0.6401640000000001 0.35920786885245903 0.950442
0 0.6913552786885246 0.939824 0.7065411147540984 0.949696 0.95296 0.953644 0.9626229508196722 0.9450879999999999 0.9426066885245902 0.6351340000000001 0.9322533770491804 0.626578 0.6982588852459016 0.621972 0.6885959344262295 0.6306900000000001 0.6913552786885246 0.939824
0 0.6768619016393442 0.5803360000000001 0.6885959344262295 0.5862580000000001 0.9191386229508197 0.5823099999999999 0.9288015737704919 0.572438 0.9025720655737706 0.31381400000000004 0.8880765901639345 0.30262599999999995 0.6741004590163935 0.30591599999999997 0.6685775737704919 0.31973599999999996 0.6768619016393442 0.5803360000000001
0 0.5360493114754099 0.260332 0.5484737049180328 0.265596 0.7520986229508198 0.265596 0.7624519344262295 0.25638400000000006 0.7555483278688524 0.026056000000000003 0.7438142950819672 0.020792 0.5470950819672131 0.022765999999999998 0.5383973770491803 0.029638000000000005 0.5360493114754099 0.260332
1 0.5512351475409836 0.058302 0.6554628196721312 0.056986 0.6582242622950819 0.037902000000000005 0.5477854426229508 0.040164 0.5512351475409836 0.058302
1 0.7037796721311474 0.666064 0.7672823606557377 0.668038 0.7652133770491804 0.646978 0.7068180983606558 0.643848 0.7037796721311474 0.666064
1 0.7106832786885245 0.33882 0.8204317377049181 0.33816199999999996 0.8190510163934427 0.315788 0.7145484590163934 0.317006 0.7106832786885245 0.33882
1 0.3904062950819672 0.674606 0.4918725245901639 0.6726319999999999 0.4925628852459017 0.653548 0.3945484590163934 0.6542060000000001 0.3904062950819672 0.674606
1 0.07772327868852459 0.675922 0.13156301639344262 0.678554 0.13708590163934425 0.657496 0.08007134426229508 0.65648 0.07772327868852459 0.675922
1 0.11499645901639345 0.351312 0.23440996721311477 0.355918 0.2371714098360656 0.335518 0.11596380327868853 0.332796 0.11499645901639345 0.351312
1 0.3945484590163934 0.354602 0.5477833442622951 0.353286 0.5464026229508196 0.332228 0.39758688524590163 0.33384800000000003 0.3945484590163934 0.354602
1 0.2896304262295082 0.065528 0.34623160655737706 0.065528 0.34623160655737706 0.04776 0.29211698360655736 0.044902000000000004 0.2896304262295082 0.065528