0 0.436592 0.338164 0.44000200000000006 0.344984 0.60591 0.342712 0.613866 0.33475400000000005 0.608184 0.102872 0.597956 0.093778 0.436592 0.09718800000000001 0.427276 0.11028400000000001 0.436592 0.338164
1 0.463866 0.126742 0.5502279999999999 0.132426 0.5502279999999999 0.10855600000000001 0.46364 0.10664799999999999 0.463866 0.126742
0 0.23209399999999997 0.655058 0.239072 0.662036 0.403606 0.657966 0.40767600000000004 0.649242 0.40535000000000004 0.43174 0.39663 0.42301600000000006 0.23965199999999998 0.42069 0.231514 0.430576 0.23209399999999997 0.655058
0 0.44721 0.64808 0.46000199999999997 0.652732 0.613488 0.653894 0.6198840000000001 0.6509880000000001 0.61814 0.4224340000000001 0.6041860000000001 0.41662 0.45069799999999993 0.421272 0.44000200000000006 0.43270400000000003 0.44721 0.64808
0 0.24663 0.9337820000000001 0.25128 0.941342 0.41465199999999997 0.9343619999999999 0.416978 0.930292 0.40942 0.708136 0.404188 0.7040660000000001 0.24663 0.708136 0.23953600000000003 0.714098 0.24663 0.9337820000000001
0 0.446628 0.91866 0.45651200000000003 0.923894 0.613488 0.9227320000000001 0.6204660000000001 0.9169160000000002 0.611164 0.693016 0.60535 0.6854560000000001 0.45011799999999996 0.6877820000000001 0.442328 0.697354 0.446628 0.91866
0 0.654884 0.6432640000000001 0.6624420000000001 0.6461720000000001 0.81942 0.6403559999999999 0.825234 0.6362859999999999 0.821744 0.41238600000000003 0.81128 0.40598799999999996 0.649652 0.41413 0.644188 0.42107600000000006 0.654884 0.6432640000000001
0 0.6537219999999999 0.914852 0.660118 0.9212480000000001 0.8205819999999999 0.917178 0.823488 0.9090360000000001 0.821744 0.694442 0.8153500000000001 0.6862999999999999 0.654304 0.688626 0.649652 0.695022 0.6537219999999999 0.914852
1 0.680466 0.713052 0.7583719999999999 0.7118880000000001 0.756048 0.69386 0.6744199999999999 0.6936340000000001 0.680466 0.713052
1 0.681048 0.43506599999999995 0.751396 0.432158 0.752558 0.419364 0.677212 0.41921600000000003 0.681048 0.43506599999999995
1 0.46883800000000003 0.714214 0.542676 0.71247 0.542676 0.695022 0.47163000000000005 0.69689 0.46883800000000003 0.714214
1 0.4734900000000001 0.44379 0.545002 0.442044 0.5438379999999999 0.42692399999999997 0.47488600000000003 0.429448 0.4734900000000001 0.44379
1 0.26535000000000003 0.45076799999999995 0.33976799999999996 0.450186 0.34035000000000004 0.434484 0.26535000000000003 0.43274 0.26535000000000003 0.45076799999999995
1 0.270002 0.733404 0.34383800000000003 0.7322420000000001 0.34500200000000003 0.71654 0.270002 0.718866 0.270002 0.733404